rep,gen,deme,nind,qmean,qsd,hetmean,hetsd,fitnessmean,fitnesssd,njunctmean,njunctsd,fisdeme,fis,fst
1,0,1,1000,0.500000,0.500250,0.000000,0.000000,1.000000,0.000000,0.000000,0.000000,1.000000,NA,NA
1,0,meta,1000,0.500000,NA,0.000000,NA,NA,NA,NA,NA,NA,1.000000,0.000000
1,1,1,1000,0.473500,0.360108,0.479000,0.499809,1.000000,0.000000,0.000000,0.000000,0.039301,NA,NA
1,1,meta,1000,0.473500,NA,0.479000,NA,NA,NA,NA,NA,NA,0.039301,0.000000
1,2,1,1000,0.465398,0.315473,0.487619,0.396122,1.000000,0.000000,0.990000,1.217942,0.020068,NA,NA
1,2,meta,1000,0.465398,NA,0.487619,NA,NA,NA,NA,NA,NA,0.020068,0.000000
1,3,1,994,0.461699,0.289946,0.478213,0.327861,1.000000,0.000000,1.979879,1.624832,0.037929,NA,NA
1,3,meta,994,0.461699,NA,0.478213,NA,NA,NA,NA,NA,NA,0.037929,0.000000
1,4,1,1000,0.468734,0.263257,0.490459,0.287903,1.000000,0.000000,2.941000,1.992358,0.015232,NA,NA
1,4,meta,1000,0.468734,NA,0.490459,NA,NA,NA,NA,NA,NA,0.015232,0.000000
1,5,1,1000,0.468123,0.248981,0.475253,0.253992,1.000000,0.000000,3.897000,2.237722,0.045614,NA,NA
1,5,meta,1000,0.468123,NA,0.475253,NA,NA,NA,NA,NA,NA,0.045614,0.000000
